#Vertex 		Curv 	K1 	K2 	Dir Min 		Dir Max 		Normale
N 68160
56.000000	23.000000	32.000000	0.252202	0.287418	0.111062	-0.451519	0.835954	-0.311947	-0.794946	-0.218115	0.566116	-0.405207	-0.503593	-0.763021	
55.000000	24.000000	32.000000	0.233867	0.252962	0.120687	0.376017	-0.919394	0.115434	0.768025	0.239538	-0.593936	0.518410	0.311986	0.796188	
56.000000	24.000000	31.000000	0.276648	0.269676	0.154859	0.376808	-0.913914	0.150918	0.797447	0.237169	-0.554823	0.471268	0.329411	0.818166	
60.000000	23.000000	30.000000	0.311280	0.317104	0.150685	-0.494712	0.631012	-0.597565	-0.858104	-0.245852	0.450794	-0.137544	-0.735786	-0.663100	
59.000000	24.000000	30.000000	0.254239	0.289087	0.110121	-0.446088	0.846344	-0.291047	-0.830204	-0.269831	0.487805	-0.334317	-0.459232	-0.823006	
60.000000	24.000000	29.000000	0.311280	0.303862	0.158569	-0.389066	0.856184	-0.339965	-0.867567	-0.216453	0.447745	-0.309766	-0.469145	-0.827012	
56.000000	23.000000	32.000000	0.252202	0.287418	0.111062	-0.451519	0.835954	-0.311947	-0.794946	-0.218115	0.566116	-0.405207	-0.503593	-0.763021	
56.000000	24.000000	31.000000	0.276648	0.269676	0.154859	0.376808	-0.913914	0.150918	0.797447	0.237169	-0.554823	0.471268	0.329411	0.818166	
58.000000	24.000000	31.000000	0.199235	0.268909	0.070643	-0.451341	0.847117	-0.280508	-0.815212	-0.263574	0.515711	-0.362933	-0.461435	-0.809542	
56.000000	23.000000	32.000000	0.252202	0.287418	0.111062	-0.451519	0.835954	-0.311947	-0.794946	-0.218115	0.566116	-0.405207	-0.503593	-0.763021	
58.000000	24.000000	31.000000	0.199235	0.268909	0.070643	-0.451341	0.847117	-0.280508	-0.815212	-0.263574	0.515711	-0.362933	-0.461435	-0.809542	
58.000000	23.000000	32.000000	0.203309	0.292349	0.059928	-0.583468	0.588502	-0.559670	-0.792444	-0.261713	0.550944	-0.177759	-0.764965	-0.619056	
59.000000	24.000000	30.000000	0.254239	0.289087	0.110121	-0.446088	0.846344	-0.291047	-0.830204	-0.269831	0.487805	-0.334317	-0.459232	-0.823006	
60.000000	23.000000	30.000000	0.311280	0.317104	0.150685	-0.494712	0.631012	-0.597565	-0.858104	-0.245852	0.450794	-0.137544	-0.735786	-0.663100	
58.000000	24.000000	31.000000	0.199235	0.268909	0.070643	-0.451341	0.847117	-0.280508	-0.815212	-0.263574	0.515711	-0.362933	-0.461435	-0.809542	
60.000000	23.000000	30.000000	0.311280	0.317104	0.150685	-0.494712	0.631012	-0.597565	-0.858104	-0.245852	0.450794	-0.137544	-0.735786	-0.663100	
58.000000	23.000000	32.000000	0.203309	0.292349	0.059928	-0.583468	0.588502	-0.559670	-0.792444	-0.261713	0.550944	-0.177759	-0.764965	-0.619056
